16 16
0 0 0 0 0 0 0 0 0 0 0 0 0 0 0 0
                               |
0 0 0 0 0 0 0 0 0 0 0 0 0 0 0 0
                               |
0 0 0 0 0 0 0 0 0 0 0 0 0 0 0 0
                               |
0 0 0 0 0 0 0 0 0 0 0 0 0 0 0 0
                               |
0 0 0 0 0 0 0 0 0 0 0 0 0 0 0 0
                               |
0 0 0 0 0 0 0 0 0 0 0 0 0 0 0 0
                               |
0 0 0 0 0 0 0 0 0 0 0 0 0 0 0 0
                               |
0 0 0 0 0 0 0 0 0 0 0 0 0 0 0 0
                               |
0 0 0 0 0 0 0 0 0 0 0 0 0 0 0 0
                               |
0 0 0 0 0 0 0 0 0 0 0 0 0 0 0 0
                               |
0 0 0 0 0 0 0 0 0 0 0 0 0 0 0 0
                               |
0 0 0 0 0 0 0 0 0 0 0 0 0 0 0 0
                               |
0 0 0 0 0 0 0 0 0 0 0 0 0 0 0 0
                               |
0 0 0 0 0 0 0 0 0 0 0 0 0 0 0 0
                               |
0 0 0 0 0 0 0 0 0 0 0 0 0 0 0 0
                               |
0 0 0 0 0 0 0 0 0 0 0 0 0 0 0 0
B Blue 0000FF
R Red FF0000
G Green 00FF00
Y Yellow 00FFFF
