16 16
0 0 0 0|0 0 0 0 0 0|0 0 0 0 0 0
                            -  |
0 0 0 0 0 0|X 0 0 0 0 0 0 0|X 0
            -                  |
0 0 0 0 0 0 0 0 0 0 0|X 0 0 0 0
  -                   -        |
0 X|0 0 0 0 0 0 0 0 0 0 0 0 0 0
          -                   -|
0 0 0 0 0|X 0 0 0 0 0 0 0 0 0 0
                               |
0 0 X|0 0 0 0 X|0 0 0 0 0 0 0 0
    -         -                |
0 0 0 0 0 0 0 0 0 0 0 0 0 X|0 0
-             - -   -     -    |
0 0 0 0 0 0 0|0 0|0 X|0 0 0 0 0
                               |
0 0 0 0 0 0 0|0 0|0 0 0 0 0 0 0
              - -       -      |
0 0 0 0|X 0 0 0 0 0 0 0 X|0 0 0
  -     -                     -|
0 X|0 0 0 0 0 0 0 0 0 0 0 0 0 0
                               |
0 0 0 0 0 0 0 0 0 0 0 0 0 0 0 0
-                 -            |
0 0 0 0 0 0 0 0 0|X 0 0 0 0 0 0
            -                  |
0 0 0 0 0 0|X 0 0 0 0 0 0 0|X 0
                            -  |
0 0 X|0 0 0 0 0 0 0 0 X|0 0 0 0
    -                 -        |
0 0 0 0|0 0 0 0 0 0 0 0 0 0|0 0

G Green 00FF00
B Blue 0000FF
R Red FF0000
Y Yellow FFFF00
